29
12 7 33 32 16 40 49 10 19 21 46 16 31 20 33 5 3 26 26 25 10 15 47 39 13 35 43 11 18
15
17 25 29 9 32 4 30 45 50 17 11 23 25 42 47
27
10 18 41 30 48 46 45 10 44 22 20 15 43 37 19 48 16 40 39 50 30 47 41 30 18 34 11
48
40 30 14 15 35 17 30 11 7 13 39 40 50 38 29 13 16 11 17 37 30 25 29 48 19 37 22 5 21 49 49 10 40 49 24 42 13 21 40 10 37 17 4 29 9 29 20 15
19
12 4 3 30 2 32 8 2 22 7 27 1 48 33 36 30 14 31 47
43
27 10 16 43 12 36 46 23 37 13 31 22 50 46 20 26 26 33 2 26 9 46 3 2 36 24 36 23 2 2 42 20 29 31 49 17 23 19 30 49 45 40 41
48
1 1 1 1 1 1 1 2 1 1 1 1 1 1 1 48 1 1 1 1 1 1 1 2 1 1 1 1 1 1 1 1 1 1 1 1 1 48 1 1 1 1 1 1 1 1 1 1
3
50 5 28
22
48 20 3 19 23 45 38 10 19 47 10 10 46 16 45 34 20 24 20 25 41 7
50
2 2 2 2 2 2 2 2 2 2 2 32 2 2 2 2 2 2 2 2 2 49 32 2 2 2 2 2 2 2 49 10 2 2 2 34 2 2 2 2 2 2 2 2 2 2 2 2 2 2
33
27 34 1 21 47 14 25 16 19 22 47 36 39 24 43 12 11 49 2 10 27 25 31 47 14 15 39 7 25 8 37 37 21
33
8 7 46 14 9 33 50 13 10 14 33 37 41 5 33 8 3 17 35 21 36 28 1 38 9 2 20 13 30 11 41 41 46
49
49 28 12 50 29 31 1 8 45 9 34 23 18 7 3 13 48 37 18 1 6 10 38 18 18 19 6 41 37 15 4 39 46 35 20 17 35 46 4 7 12 9 35 18 29 20 12 31 36
48
40 37 3 11 41 6 9 31 4 6 41 38 34 20 10 18 42 32 7 30 3 29 3 31 22 31 24 19 2 39 42 13 26 30 24 48 15 3 14 44 38 8 44 31 22 28 7 42
17
5 8 11 41 36 36 47 28 30 25 19 47 18 10 34 38 36
34
23 46 49 15 50 49 29 26 27 28 44 21 29 16 7 26 27 20 6 28 43 10 18 2 4 3 47 13 40 31 7 46 1 40
25
12 11 26 34 25 5 9 38 3 49 19 19 31 36 31 23 25 4 40 40 45 25 2 24 41
4
2 5 8 3
30
4 4 2 4 4 4 4 4 4 4 4 4 49 4 47 4 4 4 32 4 4 4 4 32 4 4 4 32 4 2
34
24 39 18 10 25 48 13 12 27 37 24 7 1 24 46 45 15 9 7 42 14 2 12 32 33 43 10 2 11 47 19 16 26 9
48
50 47 49 47 49 47 46 46 45 48 46 46 50 49 45 45 49 46 47 50 47 47 50 46 47 46 49 50 48 48 49 49 47 49 50 45 48 48 48 50 50 48 45 49 45 47 48 47
48
24 12 12 12 12 49 12 36 6 12 12 12 12 12 12 12 49 12 12 12 12 12 12 12 12 12 49 36 43 12 12 12 12 12 12 12 12 12 6 12 12 12 12 12 43 12 12 43
9
3 3 4 3 1 3 3 3 4
3
26 2 46
41
3 21 50 25 8 1 38 43 6 4 43 28 5 12 30 40 23 47 28 42 47 35 20 19 25 40 5 46 2 12 43 50 40 38 1 17 19 45 50 35 32
3
28 2 47
10
29 8 34 15 33 49 16 35 24 33
18
43 46 44 23 27 14 44 38 40 45 46 49 36 48 13 29 9 31
33
14 38 41 29 26 17 22 38 6 22 30 39 26 14 50 28 27 4 8 7 3 18 28 10 46 20 49 5 18 36 31 35 39
47
46 49 45 45 50 45 47 49 46 45 45 50 48 49 46 50 49 47 47 46 45 45 46 45 50 50 47 45 46 49 48 49 47 48 45 46 47 50 47 47 45 50 46 45 50 47 50
33
30 11 31 12 28 2 30 28 50 5 14 46 27 6 45 10 4 26 8 40 7 13 26 19 9 41 12 36 44 48 27 36 46
5
5 4 2 3 1
44
9 18 13 4 20 11 3 21 11 3 25 16 7 33 46 9 38 22 7 6 42 11 33 13 12 10 47 9 21 36 11 4 27 40 40 26 15 1 31 37 13 8 22 11
45
37 11 9 34 22 44 19 32 36 46 50 50 47 5 41 47 20 13 14 14 19 17 14 18 33 31 46 27 6 26 30 6 3 40 31 33 1 43 41 29 10 9 25 4 2
47
1 1 1 1 1 2 2 1 1 1 2 1 2 1 1 2 1 50 1 1 1 1 1 50 1 1 1 1 1 1 1 1 2 1 1 1 1 1 1 1 1 1 1 1 1 2 1
18
2 16 16 8 1 1 2 32 4 1 32 4 8 2 32 8 16 4
7
32 27 47 18 16 36 50
9
43 44 28 30 41 43 6 44 21
36
26 39 30 47 42 45 43 17 29 6 44 42 26 48 34 42 43 24 3 18 50 28 15 1 41 23 46 34 26 3 21 19 9 43 40 42
44
13 29 47 48 28 17 43 18 17 27 3 50 11 7 18 26 15 9 24 21 30 35 27 1 26 7 25 20 43 1 12 7 3 14 37 35 27 2 6 1 23 5 3 28
36
30 4 38 2 37 36 27 3 43 31 40 37 14 30 16 27 4 27 46 18 31 35 32 28 28 35 1 46 1 30 49 28 27 13 29 2
30
10 15 19 29 41 39 3 33 22 42 47 11 3 5 48 31 34 32 22 12 6 30 21 22 24 19 25 40 19 10
30
39 49 16 2 50 10 34 18 19 13 40 2 24 15 33 41 5 22 27 42 28 46 50 15 49 27 36 6 26 11
49
7 34 5 29 20 28 23 26 46 42 44 4 37 40 35 9 10 18 43 41 6 13 39 8 17 48 38 15 21 30 14 33 11 32 49 16 2 36 19 47 27 12 3 25 31 45 22 24 1
0
