11
22 44 23 43 40 13 35 3 17 15 33
32
41 15 29 43 18 20 4 38 50 8 25 50 26 17 41 49 31 46 35 50 46 48 29 9 7 39 47 5 2 2 11 28
44
8 2 35 1 22 1 22 37 43 9 27 43 39 38 7 17 48 23 42 12 49 33 44 45 4 37 41 40 46 37 5 6 37 24 48 9 30 37 37 23 19 38 23 19
50
1 1 1 1 1 1 1 1 1 2 2 1 1 1 1 1 1 2 1 50 1 1 1 1 1 1 1 1 1 1 1 1 1 50 1 1 1 1 1 1 1 1 1 2 1 1 1 1 2 2
13
22 46 27 26 7 50 50 42 24 47 13 49 19
18
16 8 32 1 32 4 2 4 2 8 1 16 8 16 32 4 1 2
3
2 25 49
36
12 21 35 19 21 18 25 35 8 41 33 9 36 38 36 10 20 28 35 33 24 25 10 13 34 16 37 16 21 43 20 16 9 2 27 29
34
21 11 48 37 18 50 11 48 32 2 37 1 27 5 5 39 44 2 32 25 15 19 46 31 4 40 28 40 42 30 24 20 28 43
5
44 21 38 13 47
5
5 7 5 50 32
10
28 14 15 42 13 26 19 10 3 9
49
45 50 49 45 46 47 50 49 47 48 50 48 46 45 47 50 48 45 47 47 47 48 50 46 48 50 46 46 48 46 47 50 45 47 50 48 49 46 49 49 47 49 47 45 47 45 46 50 49
18
17 7 18 22 4 37 23 28 47 29 38 29 42 46 29 26 50 49
16
37 44 40 48 22 37 11 5 47 37 50 37 31 3 38 46
3
50 1 25
48
12 12 6 24 12 12 12 12 12 12 49 12 12 12 12 12 49 12 12 12 24 12 12 12 43 12 24 12 12 49 12 12 12 12 12 12 12 12 43 36 12 12 12 43 12 6 12 12
4
3 8 2 5
47
1 47 1 1 2 1 1 1 1 1 1 1 1 1 1 1 1 1 1 47 1 1 1 1 1 1 1 1 1 1 1 1 1 1 1 1 1 2 1 1 1 1 1 1 1 1 1
5
5 1 2 4 3
14
7 46 20 9 30 15 3 5 26 36 2 4 14 9
49
16 37 49 32 34 12 3 29 48 15 27 46 14 47 19 5 11 7 30 26 33 38 31 43 23 2 21 1 10 9 13 25 6 8 18 22 24 41 40 44 36 17 35 28 39 20 42 4 45
15
14 9 11 50 40 7 48 2 25 35 19 26 50 40 41
32
1 44 47 18 25 33 35 40 26 10 23 39 49 40 46 38 1 38 47 23 50 42 45 23 46 24 13 44 33 43 23 30
4
39 48 15 8
28
27 6 41 44 36 16 21 18 39 31 39 49 17 8 21 5 11 40 15 25 10 15 7 24 28 21 40 47
37
34 20 50 33 35 20 25 9 39 2 3 6 32 9 26 33 33 13 4 40 1 28 14 12 21 13 15 25 1 47 9 15 48 15 3 31 17
50
48 46 50 49 48 46 45 48 50 46 46 49 48 45 47 46 50 46 46 45 50 48 46 47 49 49 47 50 49 50 46 46 49 48 50 48 47 48 47 47 48 46 49 46 48 46 49 50 47 49
44
14 34 19 29 25 6 8 14 7 9 41 44 6 10 43 7 18 17 40 8 17 27 44 42 19 12 29 50 35 36 39 13 10 25 3 11 3 31 15 42 22 19 43 12
29
41 20 25 22 9 28 42 24 5 24 35 15 20 24 21 43 43 9 37 1 7 35 37 5 15 48 4 42 28
45
27 9 15 46 19 45 19 6 4 26 37 6 9 38 14 48 44 31 29 46 36 33 20 45 11 49 16 2 15 34 37 3 45 43 46 20 32 16 21 35 28 47 3 5 3
44
4 37 36 10 47 4 41 19 33 14 28 36 21 25 6 2 27 22 47 27 4 34 33 35 8 22 48 6 14 9 46 17 20 41 47 41 40 36 47 2 21 1 33 30
31
40 2 6 23 39 20 23 20 44 39 15 18 30 20 16 25 40 17 1 46 21 35 28 13 19 23 14 40 47 40 48
43
3 21 9 15 23 12 47 43 7 43 38 42 6 49 47 25 5 7 24 27 5 7 28 49 31 42 36 8 37 43 41 1 45 46 34 25 16 21 34 10 40 23 42
43
10 24 42 7 28 4 39 41 21 8 48 5 44 1 17 20 38 46 14 19 8 7 45 6 19 30 14 9 39 22 10 41 17 17 41 49 43 32 26 4 33 11 44
9
3 3 3 3 1 4 4 3 3
4
34 44 48 18
50
2 32 2 2 2 2 2 2 2 2 2 2 2 2 2 2 2 2 49 2 2 2 34 2 2 2 2 2 2 2 2 2 2 2 2 2 32 2 2 2 2 49 2 2 2 2 10 2 2 2
39
11 28 42 18 8 11 46 32 19 1 36 1 21 19 27 32 48 32 2 28 49 45 32 36 35 3 18 40 14 11 3 48 44 31 42 7 50 46 44
32
32 2 38 33 5 12 5 16 31 13 40 14 11 16 20 6 39 14 40 1 24 21 31 11 3 10 6 24 39 23 4 17
30
4 41 1 8 26 12 12 32 19 37 17 3 11 34 10 20 17 6 40 30 18 41 40 11 8 47 22 13 19 16
25
6 9 5 14 1 34 22 47 16 15 41 43 31 47 31 5 47 27 48 13 26 50 31 49 14
18
22 30 10 4 19 21 33 50 2 25 27 32 48 27 38 11 17 5
30
4 4 4 4 4 4 4 4 32 2 2 32 4 4 4 4 4 4 4 4 47 4 32 49 4 4 4 4 4 4
0
